colorRed = 1/255*[169, 26, 22];
colorSlightBlue = 1/255*[219,235,249];
colorSlightPink = 1/255*[250, 227, 210];
colorOrange = 1/255*[207,67,62];
colorSlightYellow = 1/255*[245,224,224];
colorBlue = 1/255*[30, 135, 228];